999.999953 0.170000
1999.999905 0.310000
2999.999858 0.170000
3999.999810 0.360000
4999.999763 1.910000
5999.999715 0.190000
6999.999668 0.170000
7999.999620 0.660000
8999.999573 0.700000
9999.999525 0.090000
10999.999478 2.110000
11999.999430 2.050000
12999.999383 2.060000
13999.999335 4.280000
14999.999288 6.540000
15999.999240 8.730000
16999.999193 11.020000
17999.999145 13.300000
18999.999098 15.560000
19999.999050 17.650000
20999.999003 19.920000
21999.998955 22.770000
22999.998908 24.900000
23999.998860 27.270000
24999.998813 29.440000
25999.998765 32.000000
26999.998718 34.130000
27999.998670 36.490000
28999.998623 38.930000
29999.998575 41.230000
30999.998528 43.970000
31999.998480 47.180000
32999.998433 49.350000
33999.998385 51.530000
34999.998338 53.220000
35999.998290 55.470000
36999.998243 57.780000
37999.998195 60.390000
38999.998148 62.910000
39999.998100 65.650000
40999.998053 67.970000
41999.998005 70.270000
42999.997958 73.040000
43999.997910 74.360000
44999.997863 77.370000
45999.997815 78.860000
46999.997768 82.530000
47999.997720 83.680000
48999.997673 86.610000
49999.997625 90.220000
50999.997578 91.240000
51999.997530 93.910000
52999.997483 97.020000
53999.997435 98.980000
54999.997388 100.850000
55999.997340 103.210000
56999.997293 105.640000
57999.997245 108.350000
58999.997198 110.900000
59999.997150 114.310000
60999.997103 115.460000
61999.997055 118.880000
62999.997008 122.240000
63999.996960 122.970000
64999.996913 125.760000
65999.996865 127.830000
66999.996818 130.570000
67999.996770 133.730000
68999.996723 135.120000
69999.996675 137.300000
70999.996628 139.780000
71999.996580 142.040000
72999.996533 145.840000
73999.996485 148.060000
74999.996438 150.270000
75999.996390 152.740000
76999.996343 153.970000
77999.996295 155.550000
78999.996248 157.160000
79999.996200 160.910000
80999.996153 164.430000
81999.996105 167.500000
82999.996058 169.540000
83999.996010 170.330000
84999.995963 174.600000
85999.995915 178.030000
86999.995868 180.110000
87999.995820 181.890000
88999.995773 184.200000
89999.995725 188.010000
90999.995678 190.390000
91999.995630 192.080000
92999.995583 194.170000
93999.995535 197.370000
94999.995488 199.790000
95999.995440 202.940000
96999.995393 203.770000
97999.995345 206.620000
98999.995298 210.200000
99999.995250 0.160000
