0.170000
0.310000
0.170000
0.360000
1.910000
0.190000
0.170000
0.660000
0.700000
0.090000
2.110000
2.050000
2.060000
4.280000
6.540000
8.730000
11.020000
13.300000
15.560000
17.650000
19.920000
22.770000
24.900000
27.270000
29.440000
32.000000
34.130000
36.490000
38.930000
41.230000
43.970000
47.180000
49.350000
51.530000
53.220000
55.470000
57.780000
60.390000
62.910000
65.650000
67.970000
70.270000
73.040000
74.360000
77.370000
78.860000
82.530000
83.680000
86.610000
90.220000
91.240000
93.910000
97.020000
98.980000
100.850000
103.210000
105.640000
108.350000
110.900000
114.310000
115.460000
118.880000
122.240000
122.970000
125.760000
127.830000
130.570000
133.730000
135.120000
137.300000
139.780000
142.040000
145.840000
148.060000
150.270000
152.740000
153.970000
155.550000
157.160000
160.910000
164.430000
167.500000
169.540000
170.330000
174.600000
178.030000
180.110000
181.890000
184.200000
188.010000
190.390000
192.080000
194.170000
197.370000
199.790000
202.940000
203.770000
206.620000
210.200000
0.160000
0.360000
0.460000
0.740000
0.890000
1.020000
1.200000
1.370000
1.600000
1.760000
2.630000
2.170000
2.320000
2.550000
2.670000
2.720000
3.010000
3.220000
3.470000
3.480000
3.720000
4.560000
4.840000
4.190000
4.780000
5.010000
5.610000
5.480000
5.340000
5.620000
5.630000
5.960000
6.130000
6.210000
7.870000
8.110000
7.690000
6.880000
7.060000
7.450000
9.250000
8.580000
9.170000
8.320000
8.300000
8.360000
8.550000
8.770000
8.910000
8.990000
9.270000
9.490000
9.770000
10.210000
10.130000
10.460000
10.500000
15.070000
15.730000
11.590000
11.800000
12.410000
16.240000
18.040000
12.260000
19.250000
17.570000
14.020000
13.620000
13.750000
13.900000
20.220000
14.550000
14.670000
14.900000
15.030000
15.300000
14.550000
14.650000
15.910000
16.050000
16.580000
16.460000
16.470000
16.760000
17.110000
17.430000
17.510000
17.810000
18.150000
18.330000
18.290000
18.880000
19.130000
19.170000
19.370000
19.520000
19.820000
19.710000
19.890000
